<?xml version="1.0"?>
<opencv_storage>
<intrinsic type_id="opencv-matrix">
  <rows>3</rows>
  <cols>3</cols>
  <dt>f</dt>
  <data>
    1.06105005e+003 0. 6.48830933e+002 0. 1.06279529e+003
    3.83095215e+002 0. 0. 1.</data></intrinsic>
<rotation type_id="opencv-matrix">
  <rows>1</rows>
  <cols>3</cols>
  <dt>f</dt>
  <data>
    6.68680310e-001 -2.83507824e+000 4.63889539e-001</data></rotation>
<translation type_id="opencv-matrix">
  <rows>1</rows>
  <cols>3</cols>
  <dt>f</dt>
  <data>
    4.17199829e+002 -1.58549347e+002 7.41599487e+002</data></translation>
<distortion type_id="opencv-matrix">
  <rows>1</rows>
  <cols>4</cols>
  <dt>f</dt>
  <data>
    -2.45146647e-001 1.50185645e-001 2.24484666e-003 -2.79057189e-003</data></distortion>
</opencv_storage>
